18150307DF0000011             
1000000100000010000001000000  
1000000100000010000001000000  
1000000100000010000001000000  
1000000100000010000001000000  
1000000100000010000001000000  
1000000100000010000001000000  
1000000100000010000001000000  
1000000100000010000001000000  
1000000100000010000001000000  
1000000100000010000001000000  
1000000100000010000001000000  
1000000100000010000001000000  
1000000100000010000001000000  
1000000100000010000001000000  
1000000100000010000001000000  
1000000100000010000001000000  
1000000100000010000001000000  
1000000100000010000001000000  
1000000100000010000001000000  
1000000100000010000001000000  
1000000100000010000001000000  
1000000100000010000001000000  
1000000100000010000001000000  
10003E8100000010000001000000  
1000000100000010000001000000  
18150307DF0000011             
